34,47
81,69
62,56
92,32
28,76
53,11
75,85
43,42
17,23
67,61
94,37
51,14
89,96
39,72
78,26
25,53
58,19
82,68
12,93
71,8
36,64
66,40
29,54
91,10
47,87
76,30
23,75
54,44
86,60
31,99
59,27
9,51
68,18
97,71
42,33
83,49
14,20
74,35
49,15
93,91
37,58
79,77
22,39
56,25
88,66
32,95
65,22
19,43
73,79
57,84
92,48
35,13
79,67
41,22
66,76
18,50
84,30
23,95
73,39
10,56
53,16
88,61
27,45
62,25
38,79
76,34
49,71
15,37
96,8
32,64
69,19
46,53
80,12
28,88
65,31
13,73
55,42
91,26
36,58
75,9
21,66
98,91
43,47
77,20
19,83
60,29
89,68
25,94
50,33
86,15
31,74
67,57
12,40
92,78
39,23
81,51
16,36
59,97
94,65
29,19
64,43
8,72
47,72
83,40
29,68
61,17
90,84
35,50
77,23
19,93
54,30
96,10
42,58
74,8
15,63
88,46
25,80
69,35
9,56
57,29
92,16
32,75
67,42
12,89
48,27
81,14
38,65
71,21
5,97
94,54
26,78
60,36
86,19
31,53
66,12
18,72
79,44
37,88
7,23
52,61
87,36
22,99
65,50
11,75
45,14
82,32
28,67
63,8
89,41
40,58
73,26
17,92
78,92
31,44
57,76
89,23
42,68
66,35
17,58
93,12
50,81
74,27
9,63
35,48
60,15
86,75
23,52
47,7
80,36
27,70
51,19
95,8
39,57
64,32
88,67
21,94
45,25
79,10
14,85
37,55
70,30
6,98
33,17
58,41
82,73
25,53
49,88
76,23
12,65
96,38
30,72
53,29
84,9
18,61
43,95
68,20
11,79
56,33
90,14
22,47
46,83
73,40
8,68
39,57
76,24
20,82
57,34
91,16
43,68
66,41
14,75
49,9
82,63
29,48
62,36
94,12
35,79
75,21
10,92
54,28
86,8
27,66
58,39
92,18
41,70
73,31
7,96
48,56
79,23
16,87
31,50
64,10
93,32
37,67
68,15
9,83
51,26
88,6
22,59
45,38
80,17
13,73
56,33
89,11
40,78
74,19
19,95
47,22
81,44
12,60
69,14
96,4
30,90
45,69
83,32
29,58
62,16
94,79
37,23
70,67
14,92
53,28
88,10
30,65
65,19
96,37
42,73
76,21
21,96
56,36
89,7
34,50
71,11
9,81
48,63
85,14
24,69
59,33
91,17
39,80
73,25
19,88
50,13
81,48
26,70
61,35
92,8
43,59
78,12
17,95
55,41
87,20
33,75
68,31
11,85
49,22
82,6
27,53
60,39
90,9
38,76
74,18
22,93
57,29
86,4
32,89
38,75
74,23
20,80
54,14
87,69
31,93
63,35
9,57
42,17
79,68
26,96
60,30
95,11
36,73
69,24
15,85
50,39
83,8
29,62
66,21
11,91
47,31
80,15
25,78
59,40
94,6
32,89
67,13
10,72
45,29
82,4
18,86
53,36
88,9
27,65
61,20
93,10
41,76
76,19
21,94
57,33
90,7
37,71
72,27
14,81
49,38
84,12
28,59
64,25
97,2
34,83
48,66
82,29
26,74
63,18
95,83
38,31
71,69
12,91
57,24
90,15
32,76
66,22
9,93
43,35
77,11
20,85
54,40
89,7
30,61
64,17
11,95
46,29
81,14
24,78
59,38
94,10
37,87
70,33
15,80
49,13
84,30
27,68
62,21
97,4
36,72
72,26
17,92
51,9
86,36
29,65
67,19
10,89
44,32
78,8
23,83
58,39
92,6
34,75
69,23
13,97
50,27
83,5
40,77
76,31
23,85
59,15
93,70
35,27
68,63
11,94
47,21
82,9
28,62
61,19
97,11
33,73
67,25
13,88
50,39
85,7
32,59
66,16
10,90
45,30
79,13
26,76
62,38
96,5
37,83
72,35
15,81
51,12
87,28
31,67
65,23
9,95
44,33
78,10
24,89
58,29
92,4
34,74
69,20
14,92
49,26
84,6
30,80
64,37
98,3
36,71
71,24
18,86
37,78
73,32
21,88
58,14
92,71
34,26
67,65
12,96
49,23
85,8
31,63
64,17
98,12
32,72
66,28
14,87
51,40
87,6
30,58
63,18
11,91
46,29
80,14
27,79
62,36
96,9
36,81
70,34
15,84
52,10
88,27
28,69
65,25
10,97
43,33
79,11
22,90
57,31
91,5
35,73
69,21