24,15
12,8
38,22
17,5
41,12
29,19
9,2
35,14
22,9
47,18
15,4
32,11
20,6
44,20
26,13
14,7
39,21
19,3
36,10
10,1
33,16
25,23
13,26
42,17
28,31
16,28
31,25
21,24
40,30
27,29
18,27
34,32
23,33
46,37
11,40
37,39
8,38
45,35
30,42
43,43
7,48
50,46
6,45
49,47
5,50
48,49
4,44
3,41
2,36
1,34
25,52
48,66
12,97
36,81
20,79
29,55
9,88
41,93
17,78
38,84
22,53
35,67
14,85
27,68
46,61
11,70
33,98
15,89
32,76
47,95
23,58
42,71
18,59
31,75
26,62
7,87
10,60
19,72
49,63
40,91
16,54
43,74
39,83
28,77
30,94
21,80
24,73
13,96
37,57
6,82
34,69
5,56
50,64
8,86
2,92
4,65
1,90
3,51
20,14
45,63
9,3
36,37
17,21
32,25
28,34
11,6
49,91
23,42
7,5
38,76
14,8
40,30
26,51
42,80
15,12
31,43
25,50
10,29
50,96
22,47
13,17
44,75
30,58
16,23
33,41
29,57
46,84
18,15
12,32
21,44
37,71
48,97
27,62
19,13
24,39
35,70
8,24
43,68
6,2
47,86
39,73
34,61
3,16
41,94
5,4
2,26
4,10
1,1
25,42
12,19
38,75
17,9
41,57
29,66
9,21
35,53
22,33
47,82
15,12
32,48
20,38
44,88
26,61
14,24
39,71
19,16
36,64
10,6
33,40
25,46
13,22
42,80
28,58
16,15
31,37
21,26
40,79
27,55
18,10
34,50
23,43
46,85
11,32
37,70
8,20
45,77
30,62
43,84
7,18
50,93
6,4
49,90
5,3
48,87
4,2
3,1
2,9
1,7
22,49
48,92
12,23
36,67
20,54
29,44
9,81
41,60
17,35
38,73
35,63
22,39
47,68
15,25
32,56
20,74
44,98
26,30
14,72
39,59
19,41
36,76
10,13
33,28
25,51
13,65
42,22
28,47
16,17
31,83
21,36
40,69
27,27
18,94
34,45
23,31
46,78
11,11
37,50
24,35
12,7
38,55
17,23
41,68
29,49
9,11
35,27
22,17
47,81
15,3
32,45
20,29
44,73
26,50
14,15
39,37
19,9
36,63
10,1
33,19
25,57
13,31
42,78
28,53
16,13
31,25
21,40
40,76
27,60
18,22
34,48
23,33
46,87
11,6
37,51
8,12
45,72
30,66
43,84
7,16
50,93
6,2
49,90
5,1
48,89
4,4
3,10
2,8
1,5
25,38
48,69
12,18
36,62
20,43
29,77
9,24
41,56
17,36
38,58
22,28
35,46
14,75
27,64
46,96
11,33
33,67
15,21
32,54
47,83
23,41
42,80
18,30
31,47
26,59
7,26
10,39
19,74
49,91
40,88
16,42
43,79
39,70
28,65
30,95
21,52
24,34
13,20
37,61
6,14
34,44
5,32
50,85
8,26
2,51
4,71
1,98
3,99
25,16
12,32
38,55
17,42
41,68
29,21
9,12
35,37
22,23
47,80
15,8
32,45
20,28
44,73
26,50
14,14
39,38
19,9
36,63
10,2
33,18
25,51
13,30
42,77
28,54
16,13
31,26
21,41
40,76
27,60
18,20
34,48
23,34
46,87
11,7
37,52
8,11
45,72
30,66
43,84
7,16
50,93
6,3
49,90
5,1
48,89
4,4
3,10
2,8
1,5
22,39
48,69
12,18
36,62
20,43
29,77
9,24
41,56
17,36
38,58
22,28
35,46
14,75
27,64
46,96
11,33
33,67
15,21
32,54
47,83
23,41
42,80
18,30
31,47
26,59
7,26
10,39
19,74
49,91
40,88
16,42
43,79
39,70
28,65
30,95
21,52
24,34
13,20
37,61
6,14
34,44
5,32
50,85
8,26
2,51
4,71
1,98
3,99
23,42
11,19
37,75
16,9
40,57
28,66
8,21
34,53
21,33
46,82
14,12
31,48
19,38
43,88
25,61
13,24
38,71
18,16
35,64
9,6
32,40
24,46
12,22
41,80
27,58
15,15
30,37
20,26
39,79
26,55
17,10
33,50
22,43
45,85
10,32
36,70
7,20
44,77
29,62
42,84
6,18
49,93
5,4
48,90
4,3
47,87
3,2
2,1
1,9
24,49
49,92
11,23
35,67
19,54
28,44
8,81
40,60
16,35
37,73
34,63
21,39
46,68
13,25
30,56
18,74
42,98
24,30
